101 20.5 120.0 大床房 0
102 30.5 150.0 双床房 1
103 40.0 200.0 大床房 0
104 50.5 250.0 套房 1
105 22.0 130.0 大床房 0
106 32.5 160.0 双床房 0
107 42.0 210.0 大床房 1
108 52.5 260.0 套房 0
109 23.5 140.0 大床房 1
110 33.0 170.0 双床房 0
111 43.5 220.0 大床房 1
112 53.0 270.0 套房 0
113 24.0 145.0 大床房 1
114 34.5 175.0 双床房 0
115 44.0 225.0 大床房 1
116 54.5 275.0 套房 0
117 25.5 150.0 大床房 1
118 35.0 180.0 双床房 0
119 45.5 230.0 大床房 1
120 55.0 280.0 套房 0
121 26.0 155.0 大床房 0
122 36.5 185.0 双床房 1
123 46.0 235.0 大床房 0
124 56.5 285.0 套房 1
125 27.5 160.0 大床房 0
126 37.0 190.0 双床房 1
127 47.5 240.0 大床房 0
128 57.0 290.0 套房 1
129 28.0 165.0 大床房 0
130 38.5 195.0 双床房 0
131 48.0 245.0 大床房 1
132 58.5 295.0 套房 0
